# oST version 5.0 parameters


[image]

width
640

height
480

[narrow_stereo/left]

camera matrix
1185.223978 0.000000 276.829175
0.000000 1186.674302 262.332682
0.000000 0.000000 1.000000

distortion
-0.309390 0.135688 -0.002199 0.000711 0.000000

rectification
0.963780 0.024008 -0.265617
-0.022733 0.999711 0.007874
0.265729 -0.001550 0.964047

projection
550.682566 0.000000 308.087111 0.000000
0.000000 550.682566 250.775740 0.000000
0.000000 0.000000 1.000000 0.000000
# oST version 5.0 parameters


[image]

width
640

height
480

[narrow_stereo/right]

camera matrix
1182.849312 0.000000 344.625689
0.000000 1182.557525 236.309728
0.000000 0.000000 1.000000

distortion
-0.354750 0.519717 0.005032 0.003651 0.000000

rectification
0.963001 0.022153 0.268586
-0.020864 0.999753 -0.007655
-0.268689 0.001768 0.963225

projection
550.682566 0.000000 308.087111 168.811938
0.000000 550.682566 250.775740 0.000000
0.000000 0.000000 1.000000 0.000000
