# oST version 5.0 parameters


[image]

width
640

height
480

[narrow_stereo/left]

camera matrix
1188.362100 0.000000 328.555872
0.000000 1189.860861 288.841325
0.000000 0.000000 1.000000

distortion
-0.284162 -0.480390 -0.004996 -0.002288 0.000000

rectification
0.965581 0.016850 -0.259557
-0.016455 0.999858 0.003694
0.259582 0.000704 0.965721

projection
5793.668588 0.000000 358.099920 0.000000
0.000000 5793.668588 283.769331 0.000000
0.000000 0.000000 1.000000 0.000000
# oST version 5.0 parameters


[image]

width
640

height
480

[narrow_stereo/right]

camera matrix
1163.189446 0.000000 327.919623
0.000000 1163.988923 272.869662
0.000000 0.000000 1.000000

distortion
-0.351659 0.038627 -0.002100 0.000971 0.000000

rectification
0.975631 0.005514 0.219350
-0.005181 0.999984 -0.002093
-0.219358 0.000905 0.975644

projection
5793.668588 0.000000 358.099920 1766.822372
0.000000 5793.668588 283.769331 0.000000
0.000000 0.000000 1.000000 0.000000
